0.000000000000000000e+00 1.000000000000000000e+00 8.574944138526916504e-01 6.488590240478515625e-01 2.606135308742523193e-01 6.912070512771606445e-01 4.002391993999481201e-01
0.000000000000000000e+00 1.000000000000000000e+00 7.441773414611816406e-01 1.702909469604492188e-01 2.128612697124481201e-01 1.963664591312408447e-01 3.345722258090972900e-01
0.000000000000000000e+00 1.000000000000000000e+00 7.355986237525939941e-01 1.109317094087600708e-01 5.611801743507385254e-01 2.877264618873596191e-01 9.757613539695739746e-01
0.000000000000000000e+00 1.000000000000000000e+00 5.467340350151062012e-01 5.760872364044189453e-01 3.767600953578948975e-01 6.533991098403930664e-01 7.284796237945556641e-01
0.000000000000000000e+00 1.000000000000000000e+00 4.902993440628051758e-01 5.130316019058227539e-01 1.633273214101791382e-01 5.295614004135131836e-01 2.117890268564224243e-01
0.000000000000000000e+00 1.000000000000000000e+00 4.662954211235046387e-01 4.883453845977783203e-01 1.627866923809051514e-01 5.047389864921569824e-01 2.101893723011016846e-01
0.000000000000000000e+00 1.000000000000000000e+00 4.559639692306518555e-01 6.902841478586196899e-02 1.837302446365356445e-01 8.980723470449447632e-02 2.523410320281982422e-01
0.000000000000000000e+00 1.000000000000000000e+00 4.379903376102447510e-01 4.860378205776214600e-01 1.761063337326049805e-01 5.029572248458862305e-01 2.515519559383392334e-01
0.000000000000000000e+00 1.000000000000000000e+00 4.350656270980834961e-01 2.776729166507720947e-01 1.613763272762298584e-01 2.926856577396392822e-01 2.049007415771484375e-01
0.000000000000000000e+00 1.000000000000000000e+00 4.212115406990051270e-01 5.187948942184448242e-01 1.885668784379959106e-01 5.365259647369384766e-01 2.421138435602188110e-01
0.000000000000000000e+00 1.000000000000000000e+00 4.192379415035247803e-01 7.984659671783447266e-01 2.790989875793457031e-01 8.936225175857543945e-01 6.196681261062622070e-01
0.000000000000000000e+00 1.000000000000000000e+00 4.157741963863372803e-01 2.401508390903472900e-01 1.439430266618728638e-01 2.531815767288208008e-01 1.971150785684585571e-01
0.000000000000000000e+00 1.000000000000000000e+00 3.927382528781890869e-01 6.293200850486755371e-01 1.273569613695144653e-01 6.442354321479797363e-01 1.595454961061477661e-01
0.000000000000000000e+00 1.000000000000000000e+00 3.687051236629486084e-01 8.985111117362976074e-02 5.068043619394302368e-02 7.183197736740112305e-01 2.381687462329864502e-01
0.000000000000000000e+00 1.000000000000000000e+00 3.385398685932159424e-01 3.220128715038299561e-01 1.643365472555160522e-01 3.362961709499359131e-01 2.045095711946487427e-01
0.000000000000000000e+00 1.000000000000000000e+00 3.289942145347595215e-01 6.778993010520935059e-01 1.190195977687835693e-01 6.925429701805114746e-01 1.585665047168731689e-01
0.000000000000000000e+00 1.000000000000000000e+00 2.862512469291687012e-01 7.725981473922729492e-01 1.894302070140838623e-01 8.047910928726196289e-01 2.776632308959960938e-01
0.000000000000000000e+00 1.000000000000000000e+00 2.776142358779907227e-01 2.719144523143768311e-01 1.764108538627624512e-01 2.877407968044281006e-01 2.401415109634399414e-01
0.000000000000000000e+00 1.000000000000000000e+00 2.553081214427947998e-01 7.202622890472412109e-01 2.087913751602172852e-01 7.519252300262451172e-01 2.636932730674743652e-01
0.000000000000000000e+00 1.000000000000000000e+00 2.531119287014007568e-01 1.237026154994964600e-01 1.858867406845092773e-01 1.426464319229125977e-01 2.476480603218078613e-01
0.000000000000000000e+00 1.000000000000000000e+00 2.518057823181152344e-01 9.245300665497779846e-03 2.150312811136245728e-01 3.996496647596359253e-02 3.424264788627624512e-01
0.000000000000000000e+00 1.000000000000000000e+00 2.510151863098144531e-01 4.436112642288208008e-01 1.098439171910285950e-01 4.554774761199951172e-01 1.361846774816513062e-01
0.000000000000000000e+00 1.000000000000000000e+00 2.509125173091888428e-01 6.569643616676330566e-01 2.550784945487976074e-01 6.865603327751159668e-01 3.022509813308715820e-01
0.000000000000000000e+00 1.000000000000000000e+00 2.504888772964477539e-01 7.201058864593505859e-01 2.385255545377731323e-01 7.546725273132324219e-01 2.942291796207427979e-01
0.000000000000000000e+00 1.000000000000000000e+00 2.465485632419586182e-01 1.315562427043914795e-01 2.348502427339553833e-01 1.532937586307525635e-01 3.196472525596618652e-01
0.000000000000000000e+00 1.000000000000000000e+00 1.846418529748916626e-01 1.635890007019042969e-01 1.553601473569869995e-01 1.928071081638336182e-01 1.973021775484085083e-01
0.000000000000000000e+00 1.000000000000000000e+00 1.808440983295440674e-01 5.949966311454772949e-01 1.597210466861724854e-01 6.072235703468322754e-01 1.882457137107849121e-01
0.000000000000000000e+00 1.000000000000000000e+00 1.775090098381042480e-01 1.342662516981363297e-02 1.894171237945556641e-01 4.085016250610351562e-02 2.712154984474182129e-01
0.000000000000000000e+00 1.000000000000000000e+00 1.758902668952941895e-01 1.398999989032745361e-01 3.582870960235595703e-02 9.213399887084960938e-01 8.617668747901916504e-01
0.000000000000000000e+00 1.000000000000000000e+00 1.648887246847152710e-01 8.236747980117797852e-02 5.221013724803924561e-02 8.173475861549377441e-01 4.957373142242431641e-01
0.000000000000000000e+00 1.000000000000000000e+00 1.607298851013183594e-01 6.145910620689392090e-01 2.896468639373779297e-01 6.373277306556701660e-01 3.717839717864990234e-01
0.000000000000000000e+00 1.000000000000000000e+00 1.388221681118011475e-01 2.337116301059722900e-01 4.701592028141021729e-02 7.491719722747802734e-01 3.436979055404663086e-01
0.000000000000000000e+00 1.000000000000000000e+00 1.327344030141830444e-01 6.114776730537414551e-01 3.372223675251007080e-01 6.347722411155700684e-01 3.992675244808197021e-01
0.000000000000000000e+00 1.000000000000000000e+00 1.292770653963088989e-01 3.074842393398284912e-01 1.229236945509910583e-01 3.263920247554779053e-01 1.539909690618515015e-01
0.000000000000000000e+00 1.000000000000000000e+00 1.288609504699707031e-01 4.767934679985046387e-01 1.195490732789039612e-01 4.976673126220703125e-01 1.459049284458160400e-01
0.000000000000000000e+00 1.000000000000000000e+00 1.255350559949874878e-01 5.934334993362426758e-01 1.293084919452667236e-01 6.084519624710083008e-01 1.564490497112274170e-01
0.000000000000000000e+00 1.000000000000000000e+00 1.238169148564338684e-01 1.768307238817214966e-01 1.974326074123382568e-01 1.947926431894302368e-01 2.584759891033172607e-01
0.000000000000000000e+00 1.000000000000000000e+00 1.213052272796630859e-01 6.493359804153442383e-01 3.212401866912841797e-01 6.826641559600830078e-01 4.061212539672851562e-01
0.000000000000000000e+00 1.000000000000000000e+00 1.172024905681610107e-01 8.947340846061706543e-01 1.376837790012359619e-01 9.374826550483703613e-01 2.292585670948028564e-01
0.000000000000000000e+00 1.000000000000000000e+00 1.119536235928535461e-01 6.209414601325988770e-01 1.431535035371780396e-01 6.377143263816833496e-01 1.712231487035751343e-01
0.000000000000000000e+00 1.000000000000000000e+00 1.081620231270790100e-01 2.806164622306823730e-01 1.201476976275444031e-01 3.065974116325378418e-01 1.471208333969116211e-01
0.000000000000000000e+00 1.000000000000000000e+00 1.076656356453895569e-01 2.308998703956604004e-01 5.305722355842590332e-02 8.939233422279357910e-01 2.538160383701324463e-01
0.000000000000000000e+00 1.000000000000000000e+00 1.055236309766769409e-01 1.148450598120689392e-01 1.598083972930908203e-01 1.488561779260635376e-01 2.040818035602569580e-01
0.000000000000000000e+00 1.000000000000000000e+00 1.025413647294044495e-01 3.775145709514617920e-01 1.551772803068161011e-01 3.938072621822357178e-01 1.864154785871505737e-01
0.000000000000000000e+00 1.000000000000000000e+00 9.826178103685379028e-02 5.877091288566589355e-01 2.991982996463775635e-01 6.074724793434143066e-01 3.553801476955413818e-01
0.000000000000000000e+00 1.000000000000000000e+00 9.715777635574340820e-02 1.534675955772399902e-01 6.121436953544616699e-01 3.160533905029296875e-01 9.991726279258728027e-01
0.000000000000000000e+00 1.000000000000000000e+00 9.449094533920288086e-02 5.421706438064575195e-01 3.144799470901489258e-01 7.125581502914428711e-01 7.323851585388183594e-01
0.000000000000000000e+00 1.000000000000000000e+00 8.742275089025497437e-02 8.240746855735778809e-01 1.765376329421997070e-01 9.206455349922180176e-01 4.931308627128601074e-01
0.000000000000000000e+00 1.000000000000000000e+00 8.650051057338714600e-02 8.965930342674255371e-01 1.539035886526107788e-01 9.358642697334289551e-01 2.885502576828002930e-01
0.000000000000000000e+00 1.000000000000000000e+00 8.636916428804397583e-02 2.440701425075531006e-01 1.920582950115203857e-01 2.587595880031585693e-01 2.424905300140380859e-01
0.000000000000000000e+00 1.000000000000000000e+00 8.563166111707687378e-02 9.734304547309875488e-01 3.237276375293731689e-01 9.957365393638610840e-01 4.554175436496734619e-01
0.000000000000000000e+00 1.000000000000000000e+00 8.411065489053726196e-02 6.424797773361206055e-01 2.769495844841003418e-01 6.531697511672973633e-01 3.004012703895568848e-01
0.000000000000000000e+00 1.000000000000000000e+00 8.279645442962646484e-02 8.217061161994934082e-01 1.313198506832122803e-01 9.227126240730285645e-01 3.690489232540130615e-01
0.000000000000000000e+00 1.000000000000000000e+00 7.959991693496704102e-02 8.573698997497558594e-01 1.320791393518447876e-01 9.009374380111694336e-01 2.203054279088973999e-01
0.000000000000000000e+00 1.000000000000000000e+00 7.925057411193847656e-02 5.044860839843750000e-01 1.782412528991699219e-01 6.499890089035034180e-01 6.981981992721557617e-01
0.000000000000000000e+00 2.000000000000000000e+00 2.590123713016510010e-01 4.860378205776214600e-01 1.761063337326049805e-01 5.029572248458862305e-01 2.515519559383392334e-01
0.000000000000000000e+00 2.000000000000000000e+00 1.216370239853858948e-01 4.883453845977783203e-01 1.627866923809051514e-01 5.047389864921569824e-01 2.101893723011016846e-01
0.000000000000000000e+00 2.000000000000000000e+00 9.113933145999908447e-02 6.114776730537414551e-01 3.372223675251007080e-01 6.347722411155700684e-01 3.992675244808197021e-01
0.000000000000000000e+00 2.000000000000000000e+00 8.456474542617797852e-02 2.719144523143768311e-01 1.764108538627624512e-01 2.877407968044281006e-01 2.401415109634399414e-01
0.000000000000000000e+00 2.000000000000000000e+00 7.995184510946273804e-02 6.493359804153442383e-01 3.212401866912841797e-01 6.826641559600830078e-01 4.061212539672851562e-01
0.000000000000000000e+00 3.000000000000000000e+00 7.771927118301391602e-01 2.502938508987426758e-01 2.801882624626159668e-01 4.629715085029602051e-01 4.941006302833557129e-01
0.000000000000000000e+00 3.000000000000000000e+00 3.940412998199462891e-01 7.048572897911071777e-01 2.713032960891723633e-01 8.961563706398010254e-01 4.059271216392517090e-01
0.000000000000000000e+00 3.000000000000000000e+00 2.837973237037658691e-01 4.767934679985046387e-01 1.195490732789039612e-01 4.976673126220703125e-01 1.459049284458160400e-01
0.000000000000000000e+00 3.000000000000000000e+00 2.496645748615264893e-01 2.806164622306823730e-01 1.201476976275444031e-01 3.065974116325378418e-01 1.471208333969116211e-01
0.000000000000000000e+00 3.000000000000000000e+00 2.073120772838592529e-01 2.082098871469497681e-01 2.385385185480117798e-01 4.303215146064758301e-01 4.868916273117065430e-01
0.000000000000000000e+00 3.000000000000000000e+00 1.673289984464645386e-01 1.992311626672744751e-01 1.048414334654808044e-01 2.488321214914321899e-01 1.468600779771804810e-01
0.000000000000000000e+00 3.000000000000000000e+00 1.653844267129898071e-01 2.073869109153747559e-01 8.068594336509704590e-02 2.559424340724945068e-01 1.034207046031951904e-01
0.000000000000000000e+00 3.000000000000000000e+00 1.493170410394668579e-01 4.240842163562774658e-01 8.791886270046234131e-02 4.376026093959808350e-01 1.035663336515426636e-01
0.000000000000000000e+00 3.000000000000000000e+00 1.342162489891052246e-01 1.592966467142105103e-01 1.138030141592025757e-01 1.990029364824295044e-01 1.433469802141189575e-01
0.000000000000000000e+00 3.000000000000000000e+00 1.304598450660705566e-01 9.384804964065551758e-02 1.112770289182662964e-01 1.563699245452880859e-01 1.394967585802078247e-01
0.000000000000000000e+00 3.000000000000000000e+00 1.267122030258178711e-01 1.635890007019042969e-01 1.553601473569869995e-01 1.928071081638336182e-01 1.973021775484085083e-01
0.000000000000000000e+00 3.000000000000000000e+00 1.221674606204032898e-01 1.148450598120689392e-01 1.598083972930908203e-01 1.488561779260635376e-01 2.040818035602569580e-01
0.000000000000000000e+00 3.000000000000000000e+00 1.215619668364524841e-01 7.214470505714416504e-01 2.423407435417175293e-01 8.636390566825866699e-01 4.257481694221496582e-01
0.000000000000000000e+00 3.000000000000000000e+00 9.760694950819015503e-02 6.964933872222900391e-01 2.892608940601348877e-01 7.790616750717163086e-01 3.829557597637176514e-01
0.000000000000000000e+00 3.000000000000000000e+00 9.571125358343124390e-02 3.074842393398284912e-01 1.229236945509910583e-01 3.263920247554779053e-01 1.539909690618515015e-01
0.000000000000000000e+00 3.000000000000000000e+00 9.073472023010253906e-02 2.297642827033996582e-02 3.769963979721069336e-02 7.447351217269897461e-01 5.458858013153076172e-01
0.000000000000000000e+00 3.000000000000000000e+00 8.109289407730102539e-02 1.579941511154174805e-01 9.038766473531723022e-02 2.069804668426513672e-01 1.075248345732688904e-01
0.000000000000000000e+00 3.000000000000000000e+00 7.171106338500976562e-02 4.670108109712600708e-02 1.119673997163772583e-01 1.079921200871467590e-01 1.420267075300216675e-01
0.000000000000000000e+00 4.000000000000000000e+00 8.455716073513031006e-02 6.493359804153442383e-01 3.212401866912841797e-01 6.826641559600830078e-01 4.061212539672851562e-01
0.000000000000000000e+00 1.000000000000000000e+01 9.034062176942825317e-02 4.826495945453643799e-01 8.510964363813400269e-02 4.916758239269256592e-01 1.014984622597694397e-01
0.000000000000000000e+00 1.000000000000000000e+01 7.297471910715103149e-02 3.175662159919738770e-01 8.199633657932281494e-02 3.311635255813598633e-01 9.929572045803070068e-02
0.000000000000000000e+00 1.000000000000000000e+01 7.260780781507492065e-02 4.841060340404510498e-01 3.375567868351936340e-02 4.900265634059906006e-01 5.050469562411308289e-02
0.000000000000000000e+00 2.700000000000000000e+01 1.221740916371345520e-01 8.217545151710510254e-01 4.521961808204650879e-01 9.283085465431213379e-01 7.836473584175109863e-01
0.000000000000000000e+00 2.800000000000000000e+01 5.147560238838195801e-01 1.992311626672744751e-01 1.048414334654808044e-01 2.488321214914321899e-01 1.468600779771804810e-01
0.000000000000000000e+00 2.800000000000000000e+01 4.756984412670135498e-01 2.073869109153747559e-01 8.068594336509704590e-02 2.559424340724945068e-01 1.034207046031951904e-01
0.000000000000000000e+00 2.800000000000000000e+01 4.171218872070312500e-01 9.384804964065551758e-02 1.112770289182662964e-01 1.563699245452880859e-01 1.394967585802078247e-01
0.000000000000000000e+00 2.800000000000000000e+01 3.692513108253479004e-01 1.592966467142105103e-01 1.138030141592025757e-01 1.990029364824295044e-01 1.433469802141189575e-01
0.000000000000000000e+00 2.800000000000000000e+01 3.451267778873443604e-01 5.659073963761329651e-02 1.607821285724639893e-01 1.043986529111862183e-01 2.076537609100341797e-01
0.000000000000000000e+00 2.800000000000000000e+01 2.128430604934692383e-01 6.032273173332214355e-03 1.585927009582519531e-01 4.508762061595916748e-02 1.967857182025909424e-01
0.000000000000000000e+00 2.800000000000000000e+01 1.986780166625976562e-01 1.148450598120689392e-01 1.598083972930908203e-01 1.488561779260635376e-01 2.040818035602569580e-01
0.000000000000000000e+00 2.800000000000000000e+01 1.953557282686233521e-01 1.579941511154174805e-01 9.038766473531723022e-02 2.069804668426513672e-01 1.075248345732688904e-01
0.000000000000000000e+00 2.800000000000000000e+01 1.837524473667144775e-01 4.670108109712600708e-02 1.119673997163772583e-01 1.079921200871467590e-01 1.420267075300216675e-01
0.000000000000000000e+00 2.800000000000000000e+01 1.614845991134643555e-01 7.178007960319519043e-01 2.933152019977569580e-03 1.005870699882507324e+00 1.638756990432739258e-01
0.000000000000000000e+00 2.800000000000000000e+01 1.523528546094894409e-01 2.806164622306823730e-01 1.201476976275444031e-01 3.065974116325378418e-01 1.471208333969116211e-01
0.000000000000000000e+00 2.800000000000000000e+01 1.224826127290725708e-01 1.635890007019042969e-01 1.553601473569869995e-01 1.928071081638336182e-01 1.973021775484085083e-01
0.000000000000000000e+00 2.800000000000000000e+01 1.151842102408409119e-01 7.312258705496788025e-03 1.086540818214416504e-01 5.139531940221786499e-02 1.462851762771606445e-01
0.000000000000000000e+00 2.800000000000000000e+01 1.040865480899810791e-01 7.080956101417541504e-01 6.386032700538635254e-02 8.691092133522033691e-01 2.399412393569946289e-01
0.000000000000000000e+00 2.800000000000000000e+01 7.342047989368438721e-02 7.136080265045166016e-01 1.223623752593994141e-03 1.012292981147766113e+00 9.780745208263397217e-02
0.000000000000000000e+00 3.300000000000000000e+01 8.032599091529846191e-02 8.313102722167968750e-01 6.980778574943542480e-01 9.210368394851684570e-01 9.700891375541687012e-01
0.000000000000000000e+00 3.500000000000000000e+01 9.540405869483947754e-02 5.823689699172973633e-01 6.894326210021972656e-01 6.381498575210571289e-01 7.641910314559936523e-01
